3592
3743
3925
4119
4324
4541
4772
5016
5276
5551
5842
6152
6480
6828
7197
7589
8004
8444
8911
9407
9932
10489
11079
11706
12370
13074
13821
14613
15452
16342
17286
18287
19348
20472
21665
22929
24269
25689
27195
28791
30482
32274
34174
36187
38320
40580
42975
45512
48200
51047
54062
57256
60637
64218
68010
72024
76273
80770
85528
90564
95891
101526
107486
113788
120451
127494
134937
142801
151109
159882
169145
178923
189241
200125
211604
223706
236460
249896
264046
278941
294614
311098
328428
346637
365761
385834
406893
428971
452105
476329
501679
528186
555885
584807
614982
646439
679204
713302
748755
785582
823798
863417
904447
946894
990758
1036036
1082718
1130793
1180241
1231039
1283158
1336565
1391219
1447076
1504086
1562194
1621339
1681457
1742479
1804332
1866937
1930216
1994085
2058458
2123248
2188366
2253721
2319224
2384783
2450310
2515716
2580913
2645816
2710343
2774413
2837950
2900879
2963132
3024642
3085347
3145190
3204117
3262080
3319034
3374939
3429760
3483465
3536028
3587425
3637638
3686652
3734455
3781041
3826404
3870544
3913462
3955162
3995653
4034943
4073045
4109971
4145737
4180360
4213859
4246253
4277563
4307811
4337019
4365212
4392412
4418644
4443932
4468302
4491777
4514385
4536148
4557093
4577243
4596624
4615259
4633173
4650389
4666930
4682819
4698079
4712730
4726795
4740295
4753249
4765677
4777599
4789034
4800000
4810514
4820593
4830255
4839515
4848389
4856892
4865038
4872842
4880318
4887478
4894335
4900901
4907189
4913209
4918972
4924489
4929770
4934825
4939663
4944293
4948724
4952964
4957022
4960904
4964618
4968172
4971571
4974823
4977935
4980911
4983757
4986480
4989084
4991575
4993957
4996235
4998414
5000497
5002490
5004395
5006217
5007959
5009625
5011218
5012741
5014197
5015590
5016921
5018194
5019411
5020574
5021686
5022750
5023766
5024738
5025667
5026555
5027404
5028216
5028992
5029734
5030443
5031121
5031769
5032388
5032980
5033546
5034087
5034604
5035098
5035571
5036023
5036454
5036867
5037261
5037638
5037999
5038343
5038672
5038987
5039288
5039575
5039850
5040113
5040364
5040604
5040833
5041052
5041262
5041462
5041653
5041836
5042011
5042178
5042338
5042491
5042637
5042776
5042909
5043037
5043159
5043275
5043386
5043493
5043594
5043691
5043784
5043873
5043958
5044039
5044116
5044190
5044261
5044329
5044393
5044455
5044514
5044570
5044624
5044676
5044725
5044772
5044817
5044860
5044901
5044941
5044978
5045014
5045048
5045081
5045113
5045143
5045171
5045199
5045225
5045250
5045274
5045296
5045318
5045339
5045359
5045378
5045396
5045414
5045430
5045446
5045461
5045476
5045490
5045503
5045516
5045528
5045539
5045550
5045561
5045571
5045581
5045590
5045599
5045607
5045615
5045623
5045630
5045637
5045644
5045651
5045657
5045663
5045668
5045673
5045679
5045684
5045688
5045693
5045697
5045701
5045705
5045709
5045712
5045716
5045719
5045722
5045725
5045728
5045731
5045733
5045736
5045738
5045740
5045742
5045745
5045747
5045748
5045750
5045752
5045754
5045755
5045757
5045758
5045760
5045761
5045762
5045763
5045764
5045766
5045767
5045768
5045769
5045769
5045770
5045771
5045772
5045773
5045774
5045774
5045775
5045776
5045776
5045777
5045777
5045778
5045778
5045779
5045779
5045780
5045780
5045781
5045781
5045781
5045782
5045782
5045782
5045783
5045783
5045783
5045783
5045784
5045784
5045784
5045784
5045785
5045785
5045785
5045785
5045785
5045786
5045786
5045786
5045786
5045786
5045786
5045786
5045787
5045787
5045787
5045787
5045787
5045787
5045787
5045787
5045787
5045788
5045788
5045788
5045788
5045788
5045788
5045788
5045788
5045788
5045788
5045788
5045788
5045788
5045788
5045788
5045788
5045788
5045788
5045789
5045789
5045789
5045789
5045789
5045789
5045789
5045789
5045789
5045789
5045789
5045789
5045789
5045789
5045789
5045789
5045789
5045789
5045789
5045789
5045789
5045789
5045789
5045789
5045789
5045789
5045789
5045789
5045789
5045789
5045789
5045789
5045789
5045789
5045789
5045789
5045789
5045789
5045789
5045789
5045789
5045789
5045789
5045789
5045789
5045789
5045789
5045789
5045789
5045789
5045789
5045789
5045789
5045789
5045789
5045789
5045789
5045789
5045789
5045789
5045789
5045789
5045789
5045789
5045789
5045789
5045789
5045789
5045789
5045789
5045789
5045789
5045789
5045789
5045789
